; ===>  Thu Mar 17 18:57:39 2016
;       Starlab 4.4.4 (user cesarg) : makeplummer -n 100 -i
;       random number generator seed = 1458259059
;  initial_mass = 1
; ===>  Thu Mar 17 18:57:39 2016
;       Starlab 4.4.4 (user cesarg) : makemass -f 8 -l 0.1 -u 50
;       random number generator seed = 1458259059
;       Kroupa01 mass function, total mass =    51.52 Solar
; ===>  Thu Mar 17 18:57:39 2016
;       Starlab 4.4.4 (user cesarg) : scale -s
;  initial_total_energy = -0.25
;  initial_rvirial = 1
;;  system_time  =  0
;;  r  =  0  0  0
;;  v  =  0  0  0
;;  com_time = 0
;;  com_pos = 0 0 0
;;  com_vel = 0 0 0
;;  total_energy = -0.25
1 0.0077737630493223157 -0.715007848590534123  -0.459201344192336158  0.396174881461925199 0.0746658897202425176  -0.143124915886344434  0.534427207229866696
2 0.00890618490138067251 0.481254723672932871  0.136626643729734959  0.0679963732165141249 -0.241031320065390325  0.269931042442481728  0.302744953884809764
3 0.00520666406411882284 0.13054173640985392  0.189267482264778186  -0.48114437449661801 -0.0547167362991774556  -0.338036143513103238  -0.0120339001409745031
4 0.00829059565171652926 -0.73606052217603668  0.747968660541991404  0.699385929584123156 0.307675371988544832  0.104480074254127794  -0.0393434660188897375
5 0.0037086498815180279 -0.356611149084924528  -0.172493220916838941  0.572733859579874993 0.20293638944426301  -0.51485729821093118  0.884641550616951711
6 0.00341719853083740635 0.0869551782770651843  -1.44556776992521741  -0.52739993222146897 0.17548883367930726  0.252483081078576199  0.244203128062339514
7 0.0198245990170072828 0.261784081871790197  -0.4332017056928677  -0.0108817050875042853 0.478826725940205422  0.00277359336184935818  -0.330585559791240435
8 0.00323258785076036784 -0.444285400008501086  0.0554404680398958294  -0.43242122297303498 0.469071703280165953  -0.992922927420583967  0.179272559220875066
9 0.00974730739114755725 -0.469639588553401433  -0.223213642269418949  -0.365755975700727654 0.102076879882900359  -0.0569761691090170455  -0.0398803610219802193
10 0.00359731210404458249 0.352002618848352211  0.0872191307602118993  0.880476301613316359 0.337585515258339075  -0.0623797221216318698  0.121355576282032654
11 0.00462258963792796206 -0.00921715570033772129  0.0443434520683827563  0.10388889414572415 0.0468226387503550626  -0.468716123413571828  -0.679819523261292136
12 0.00505665443555618557 0.00891291546065851523  0.254130784467462456  0.563284784651532533 -0.521718865570705015  -0.013162277801166071  -0.202422517939870122
13 0.0152805750693223562 0.22098176317760504  0.0507091441754018782  0.346512848650986693 0.0880555793388730912  -0.4990516516467004  0.358406774671674866
14 0.00212612968220902759 0.458472122209076405  0.358345559243974598  0.0419944182554324238 0.629837467134879092  0.441791632628905806  0.602456421922539898
15 0.0099324740632407045 -0.203690956494938291  2.22290292732544081  -1.23751523320220591 -0.12927054581449085  -0.00284346766387903087  0.467881059469917315
16 0.0163512562663393236 -0.782704877252588971  0.298979409871027557  -1.35063268002941794 -0.132090971084622866  0.321995567442955766  -0.384443182511710224
17 0.00597214340307867207 -1.49155884012069895  0.895686158813084332  0.727448575255766117 0.102990976223619232  -0.235034466354844374  -0.0915833597189721627
18 0.00227122327725256526 0.135014696021787256  0.504935436468626264  0.160122725206328226 0.00153391818304651198  -0.730098711248678645  -0.510109089859177911
19 0.00438672059277511565 0.123579172279429675  0.354233514818863837  -0.290545771579271805 0.393431352386121425  -0.486033859112336819  -0.676950029923227947
20 0.00664991882657011736 1.11053417256665043  -1.94207610825733878  -2.34575684838445575 -0.0641361552050683098  -0.502685580440244251  -0.0578465129534528957
21 0.0139099606185886116 -0.128036606522477198  1.14747811266171107  1.23363624984861908 -0.0267644585829973462  0.364045143358884438  0.131598199148505124
22 0.0114514858808539705 0.644796963978503945  -0.220742863902357783  -0.0387544957846620367 0.515864730700890006  0.248268259123567175  0.566589830282723361
23 0.0100937844126120814 0.0377509893704376515  -0.345967239414438354  0.197342239339521774 0.422800916421732009  0.197116239870374965  -0.00941146507854737253
24 0.00194443396832001615 -0.331056860906586314  0.440796571469709186  0.373397101401307219 -0.157129949508668071  0.205299515853850756  -0.14074132111551596
25 0.0112121239461831865 1.85117644133204262  0.45342840407721019  -0.609258150339795801 0.354852117811262802  -0.155555123203591661  0.209002480291118564
26 0.0176990814609596057 0.614132111375572554  0.020729825137184129  0.0917542265389667683 -0.097483315528859138  -0.421854524665584873  -0.784699434056106648
27 0.0281617372163778974 -1.19887762968225942  0.363906120142038714  0.0400755092763387874 -0.0895010595703637224  -0.254236183548018413  -0.104322095206952348
28 0.00250805121427303537 -0.568429163755564626  -1.43594780248907572  0.0319432818727860696 -0.0760301893203110257  -0.378966468984880789  0.217888796648834648
29 0.010619807925426869 -0.230362353250707835  0.0689390578983934271  0.00770281248994985571 -0.205616339713460827  0.301817023041341614  -0.795402695451334463
30 0.00299235818753130784 0.463700430066589842  -0.556347023484711767  0.0782782091373665501 0.28252769889147511  -0.343369098694312702  0.123209551168449061
31 0.0132997064572884759 -0.0773236561901890773  -0.13894658820574779  0.0983911218922931402 0.150320396312586035  -0.0132146764812823957  -0.56316027025527271
32 0.0104598587773352871 -0.651921858534872611  -0.869392327297401568  0.329429327352250612 -0.19951306763409532  0.221259531652259173  -0.464135023018855508
33 0.00987692852600868289 0.400396541262561578  -0.12181315839813954  -1.13824688722457168 -0.0869416586519954904  -0.483427059614891075  -0.296220290257100671
34 0.00302706591748734847 -0.261805669958609599  0.0975856384706947633  -0.161765348022706229 0.0961142394884501317  1.04367845031834361  0.548968849106380552
35 0.00197481950696344914 1.0352725328053598  -0.0105991867560218597  -0.346799971569866972 -0.353144754128821015  0.25654635790299285  -0.10694557981829371
36 0.00348288230166598958 0.589288169396569361  0.292912173893837002  -0.982361016399957099 -0.158274419145734285  -0.802056023941145391  -0.364044913280092808
37 0.00347321266542354725 -0.777218381564846794  -0.270196735117518294  0.546062876023947985 -0.686094655020545452  -0.485955612896285249  0.147101696199617854
38 0.103563263545943501 -0.609176676743879097  0.213697980644908053  -0.332918934199635419 -0.411193050715912278  -0.0215337061219245569  -0.0011074559404863531
39 0.00382738564278757793 -0.510458158984137267  -0.270209136580732034  0.0410541136911788535 0.074906426779048324  -0.859079886507141288  -0.339412126877085885
40 0.00855632588824471046 -1.79741492632741062  0.410242916157599613  1.57701804006893287 -0.0202795719809489711  0.0364294233205381957  0.448165480133059346
41 0.105495063186905269 -0.139518429525251092  -0.0971329539492019056  0.234249124221708044 0.156865708869490167  0.784023844483780596  -0.0537383192127634662
42 0.00751322681257175686 0.203195214890024983  -0.147529795216909593  0.814033260650838586 0.373951915959463033  -0.499882812866517423  0.407448430604587519
43 0.0136042325063494649 1.03553768357718812  0.65170155463231616  0.233876388073534586 -0.66337909548109586  -0.181559860592432287  -0.812754480173542793
44 0.00721218111309608178 -0.593563969358844923  0.470825373372278588  -0.132445244328224215 0.0698753852106310802  -0.321957682084642816  -0.752172912907896452
45 0.0098235899310004527 0.860680284846556454  0.491628577320480875  0.541011870159689434 0.531059828003362489  -0.362374008518052348  0.546105615501060293
46 0.00261679335898842933 -0.422002015834256672  0.372571958826331595  -0.298419231416716724 0.152740081042597398  0.0839294935467898851  0.350580723562676777
47 0.00461965370311518981 0.395097494940142457  -0.985768606069309161  0.917861265475471644 0.610625650416526722  0.250325623720730028  -0.285856415237380646
48 0.00756364262706845595 0.0545289396215580535  -0.486547475401667873  -0.411932695143312766 -0.747073785726189099  0.183871977184986019  0.0779448619932579523
49 0.00432455436750709635 -0.542294871286553293  1.44328218559774424  -1.27624804808466807 0.132097715245707459  -0.225214163805893153  0.0322032444267207132
50 0.00223195825316974562 -0.73069889117614828  -0.251945217418094614  2.58755165463675185 -0.020317120673122066  0.153630401466276267  0.072564851605673511
51 0.00750349567080376735 0.865707140316507195  0.409867720025868021  -0.940352863279161899 0.0515141988488696245  0.0521144315801996896  -0.354127586677293937
52 0.00891210735575689687 0.577911417614170975  -0.43146794530800503  -0.737217197817030878 0.477387462171223409  -0.387078013307018465  0.383675463099865499
53 0.00320664537453262295 0.0361196115441977383  -0.0507909027941562882  0.253801168611941796 0.738398785118615009  0.555544033083325783  -0.0382843437043015669
54 0.00351532551454347393 0.542496872088973237  -0.0976121670883691311  -0.708339577016514399 0.37188209204672007  -0.705002915861375978  0.0797486216508885015
55 0.00491738400921548895 0.989794595917298348  -0.627480389006748629  0.365600195395580196 0.483709699579677854  0.572211613608172409  0.102321753463473983
56 0.0240435158187240899 0.164100547703906002  0.0199847120716276569  0.159037038238268896 0.595875622569925656  0.170107236196872014  0.903070527229330233
57 0.00288754991390232979 0.443066666816155641  0.872781007597032255  2.11715942326705342 0.446917341822687275  -0.424739674763142783  -0.12703420240909466
58 0.00418007582239632823 -0.729870332067587668  0.361445768814786628  -1.01332082082601183 0.747184839307546755  0.152992386618249765  -0.17181247718092893
59 0.00216525082429898461 0.40313739066704174  -0.0244385030185970131  0.325294871476004999 -0.235157088900874917  0.100983147561680572  0.0997859727833137616
60 0.0170918181020841345 0.402885047054495404  0.0701216779055545414  0.462716395500348099 -0.349523897066119638  -0.625291214163752107  -0.242037314672900461
61 0.00267111863245912554 0.649865353294780568  -0.790015189368069026  -1.27271925809968822 -0.219691959536756659  -0.0889307596772916653  0.118068201745876553
62 0.00264387811916880254 0.719213319546972207  0.792100806890606246  -0.156733626032687534 0.543888207102615651  -0.888267156753003051  0.0724325786279141903
63 0.00737401165128729122 -1.52286614480705262  -0.645795428622992218  0.351620578008213114 0.340199314669651587  -0.339856216378158049  0.240969288381626651
64 0.00655948651736956885 -0.141606268252191109  0.658381694376086513  -0.25685267424668029 0.253924168135973571  -0.722992964856636888  0.149352745581437379
65 0.0026608161332007693 0.723581808704874541  0.397985497427717827  -0.94990719785007971 -0.196298173885162325  -0.844272141051885305  -0.674703578086163103
66 0.00541457180307057008 0.771638642914252659  -0.311344866114458996  0.0553440482404774503 0.740167661734143834  0.128631130342550998  -0.270081358605842814
67 0.00298035111897435338 0.197767725991241206  0.193503959951110527  -0.113448975256468215 -0.304278039108713538  -0.498504563985242177  -0.540163305890175693
68 0.00216731499949903133 -1.67478713278079372  -0.172863903624464438  1.46435606020666009 -0.293240584676665694  -0.259819207025172805  -0.0467993307306387371
69 0.00669756030785456646 0.335365448683539236  -0.664131985747675957  0.0150073904398094517 0.520856478389795763  0.0331738059293056956  0.468791514729624381
70 0.0229051408901666878 0.0157133165132227817  0.0368944771606410926  0.0296317756616733645 -1.20531807780503541  0.396781198850474637  0.326189503068629094
71 0.00969892460099025001 3.93890428829651063  3.87685743332429578  5.07933820136553127 -0.0743579427318767916  0.156371727795583088  -0.055342214705999454
72 0.0180879709332914668 0.148414344403854509  0.653888572297616433  0.107812499070765941 -0.477628147225539201  0.311229377348988423  0.294987990729506433
73 0.0225708942153091952 0.499658204811835149  -0.54322968649242076  0.352779824072297798 0.188183851894445475  0.26909925284594699  0.25100201936102301
74 0.00202001014528916051 3.88671713746661229  -12.9479658416446028  3.36928769737280209 -0.103202229195202527  0.0976414568979541569  -0.0592806844375735331
75 0.0136505923915955247 -0.179821251940121246  -0.292155840297817715  0.182416693347160291 0.620281792475542604  0.128874653322212429  -0.417291557625789622
76 0.0144490902231594193 -0.253584956010427354  -0.277703552901023498  -0.966011398901639229 0.0644694556724722673  -0.547483046275839769  -0.246015899864502258
77 0.0129894161905792765 1.00983076038671826  0.805276481140184353  -1.31906084622833442 0.376965742965456374  0.343238427747730557  -0.138767069628723122
78 0.0132222695098550367 0.0531645644678364615  -0.94057947634231176  -0.174887151208211578 0.505426230505310659  -0.124573700302175738  -0.623444593423417404
79 0.00262085349309191824 -0.0701396711260182104  0.0722668236565972427  0.165951232603494814 0.529105336881737109  -0.285176410956316628  -0.244536849177612869
80 0.00531671635746724935 0.436094861380122045  0.378890975485091597  -0.135313009890249664 0.153157768877932837  -1.23544727045222524  -0.682591784756359288
81 0.00364853499395250335 -0.143388633224834861  -1.81874157737455167  -0.781311962553524975 0.0521369270062067777  -0.0455610190430225451  -0.0818105475950010735
82 0.00456859647274288419 0.143877269381448569  -0.274090570953301027  0.644751734584967484 0.286740114036284577  -0.00799989557078643193  -0.2210276563822475
83 0.00310359308014159126 1.59287564883097499  -4.62917865438476195  0.642420077139432832 0.419182621941123601  0.142711814743646581  -0.0891447217517330609
84 0.0210996160302396735 -1.33024864502848672  -2.07139296277527896  -1.65563536853979887 0.143640494817733194  0.186724604041260289  0.143337461760952883
85 0.00800761219771889757 -0.0667983649537268742  0.297432044834722853  0.162787305507577224 -0.332713360612697684  -0.0399721818733594358  -0.614023066553525454
86 0.00369345946809537156 -0.00977193380980724904  0.743329289902239232  -0.416675177862980362 -0.276264865641343116  -0.251746507789344487  -0.292445723921576917
87 0.00266976476371103217 1.54690159489572454  -3.0042856729786811  -1.98628078318041301 -0.0870617767319230851  -0.490353782095545254  0.133253784753412874
88 0.00210077330751638237 0.519217730620197604  -0.0536595777959005676  0.363644762043446146 0.542112204146791177  0.0635162592957672911  -0.373404454425932175
89 0.00308893528247223929 -0.958935873039096331  0.996074657750339543  0.59273676782475837 0.0684242441089638331  0.244672093277596814  -0.223313259264176028
90 0.0309238130869801571 0.486600122652621203  -0.0919526420323037441  0.357607782677793029 -0.833518267055894602  -0.0349748945706310072  0.763795891129821602
91 0.00506926454684507571 -0.252861679603315959  0.400521166835016651  -1.18862437754681127 0.278735345553721092  -0.287715967501763259  0.148991524517722129
92 0.00381701095026526277 0.528071551106314208  -0.37714318704385974  -0.154411151308786437 0.289834251638051932  -0.424061706765568092  -0.699839552470090775
93 0.00695389566034997075 0.681031463512729807  -0.627707518953109278  -0.203875964568513951 0.0141511960372361755  -0.869281147736648108  -0.0500321372350733123
94 0.0304609915841388967 0.870216130277197797  -0.0295173147104919702  0.156342052738753595 0.200258716757103772  -0.799487528986543516  0.486535379388721934
95 0.00702855524314625977 -0.033548161236199657  -0.374882914225470876  -0.512855419512703081 0.455150959227936469  0.0859020772401033889  -0.374693974616527703
96 0.00671425034231750914 -2.82430340766000221  3.24643215089188386  1.45782207737870895 0.0473722151537348049  0.174198997031876912  -0.0992806002819708183
97 0.00200738387856023081 0.39949963227777946  1.61901825692394485  -3.12605684316469334 0.0983650429829951711  -0.237336610980923485  -0.342210792540396214
98 0.00431157784227159148 -0.309570284505687299  0.868648054289276272  0.468139344199626273 0.684277476544883578  0.0919764027262379436  0.0095377183103110743
99 0.00532381740940421518 -0.162032926843412056  0.353632263012458814  0.774944793532738374 -0.653411668885483521  -0.252303933873658792  -0.208194425437158798
100 0.00679067960301942084 -0.208377226211083677  -1.13864308791948154  -0.632306703975110906 -0.316995988611870727  -0.215718450009484919  -0.0507635063450161961

