0.007773763049322316	-0.71500784859053412	-0.45920134419233616	0.3961748814619252	0.074665889720242518	-0.14312491588634443	0.5344272072298667
0.0089061849013806725	0.48125472367293287	0.13662664372973496	0.067996373216514125	-0.24103132006539033	0.26993104244248173	0.30274495388480976
0.0052066640641188228	0.13054173640985392	0.18926748226477819	-0.481144374496618	-0.054716736299177456	-0.33803614351310324	-0.012033900140974503
0.0082905956517165293	-0.7360605221760367	0.7479686605419914	0.69938592958412316	0.30767537198854483	0.10448007425412779	-0.039343466018889738
0.003708649881518028	-0.35661114908492453	-0.17249322091683894	0.57273385957987499	0.202936389444263	-0.5148572982109312	0.88464155061695171
0.0034171985308374063	0.086955178277065184	-1.4455677699252174	-0.527399932221469	0.17548883367930726	0.2524830810785762	0.24420312806233951
0.019824599017007283	0.2617840818717902	-0.4332017056928677	-0.010881705087504285	0.47882672594020542	0.0027735933618493582	-0.33058555979124044
0.0032325878507603678	-0.44428540000850109	0.055440468039895829	-0.432421222973035	0.46907170328016595	-0.99292292742058397	0.17927255922087507
0.0097473073911475573	-0.46963958855340143	-0.22321364226941895	-0.36575597570072765	0.10207687988290036	-0.056976169109017046	-0.039880361021980219
0.0035973121040445825	0.35200261884835221	0.087219130760211899	0.88047630161331636	0.33758551525833907	-0.06237972212163187	0.12135557628203265
0.0046225896379279621	-0.0092171557003377213	0.044343452068382756	0.10388889414572415	0.046822638750355063	-0.46871612341357183	-0.67981952326129214
0.0050566544355561856	0.0089129154606585152	0.25413078446746246	0.56328478465153253	-0.52171886557070502	-0.013162277801166071	-0.20242251793987012
0.015280575069322356	0.22098176317760504	0.050709144175401878	0.34651284865098669	0.088055579338873091	-0.4990516516467004	0.35840677467167487
0.0021261296822090276	0.4584721222090764	0.3583455592439746	0.041994418255432424	0.62983746713487909	0.44179163262890581	0.6024564219225399
0.009932474063240705	-0.20369095649493829	2.2229029273254408	-1.2375152332022059	-0.12927054581449085	-0.0028434676638790309	0.46788105946991731
0.016351256266339324	-0.78270487725258897	0.29897940987102756	-1.3506326800294179	-0.13209097108462287	0.32199556744295577	-0.38444318251171022
0.0059721434030786721	-1.4915588401206989	0.89568615881308433	0.72744857525576612	0.10299097622361923	-0.23503446635484437	-0.091583359718972163
0.0022712232772525653	0.13501469602178726	0.50493543646862626	0.16012272520632823	0.001533918183046512	-0.73009871124867864	-0.51010908985917791
0.0043867205927751157	0.12357917227942968	0.35423351481886384	-0.29054577157927181	0.39343135238612142	-0.48603385911233682	-0.67695002992322795
0.0066499188265701174	1.1105341725666504	-1.9420761082573388	-2.3457568483844557	-0.06413615520506831	-0.50268558044024425	-0.057846512953452896
0.013909960618588612	-0.1280366065224772	1.1474781126617111	1.2336362498486191	-0.026764458582997346	0.36404514335888444	0.13159819914850512
0.01145148588085397	0.64479696397850395	-0.22074286390235778	-0.038754495784662037	0.51586473070089001	0.24826825912356718	0.56658983028272336
0.010093784412612081	0.037750989370437652	-0.34596723941443835	0.19734223933952177	0.42280091642173201	0.19711623987037496	-0.0094114650785473725
0.0019444339683200162	-0.33105686090658631	0.44079657146970919	0.37339710140130722	-0.15712994950866807	0.20529951585385076	-0.14074132111551596
0.011212123946183186	1.8511764413320426	0.4534284040772102	-0.6092581503397958	0.3548521178112628	-0.15555512320359166	0.20900248029111856
0.017699081460959606	0.61413211137557255	0.02072982513718413	0.091754226538966768	-0.09748331552885914	-0.42185452466558487	-0.78469943405610665
0.028161737216377897	-1.1988776296822594	0.36390612014203871	0.040075509276338787	-0.089501059570363722	-0.25423618354801841	-0.10432209520695235
0.0025080512142730354	-0.56842916375556463	-1.4359478024890757	0.03194328187278607	-0.076030189320311026	-0.37896646898488079	0.21788879664883465
0.010619807925426869	-0.23036235325070784	0.068939057898393427	0.0077028124899498557	-0.20561633971346083	0.30181702304134161	-0.79540269545133446
0.0029923581875313078	0.46370043006658984	-0.55634702348471177	0.07827820913736655	0.2825276988914751	-0.3433690986943127	0.12320955116844906
0.013299706457288476	-0.077323656190189077	-0.1389465882057478	0.09839112189229314	0.15032039631258603	-0.013214676481282396	-0.5631602702552727
0.010459858777335287	-0.65192185853487261	-0.86939232729740157	0.32942932735225061	-0.19951306763409532	0.22125953165225917	-0.46413502301885551
0.0098769285260086829	0.40039654126256158	-0.12181315839813954	-1.1382468872245717	-0.08694165865199549	-0.48342705961489107	-0.29622029025710067
0.0030270659174873485	-0.2618056699586096	0.097585638470694763	-0.16176534802270623	0.096114239488450132	1.0436784503183436	0.54896884910638055
0.0019748195069634491	1.0352725328053598	-0.01059918675602186	-0.34679997156986697	-0.35314475412882101	0.25654635790299285	-0.10694557981829371
0.0034828823016659896	0.58928816939656936	0.292912173893837	-0.9823610163999571	-0.15827441914573428	-0.80205602394114539	-0.36404491328009281
0.0034732126654235472	-0.77721838156484679	-0.27019673511751829	0.54606287602394798	-0.68609465502054545	-0.48595561289628525	0.14710169619961785
0.1035632635459435	-0.6091766767438791	0.21369798064490805	-0.33291893419963542	-0.41119305071591228	-0.021533706121924557	-0.001107455940486353
0.0038273856427875779	-0.51045815898413727	-0.27020913658073203	0.041054113691178854	0.07490642677904832	-0.85907988650714129	-0.33941212687708588
0.0085563258882447105	-1.7974149263274106	0.41024291615759961	1.5770180400689329	-0.020279571980948971	0.036429423320538196	0.44816548013305935
0.10549506318690527	-0.13951842952525109	-0.097132953949201906	0.23424912422170804	0.15686570886949017	0.7840238444837806	-0.053738319212763466
0.0075132268125717569	0.20319521489002498	-0.14752979521690959	0.81403326065083859	0.37395191595946303	-0.49988281286651742	0.40744843060458752
0.013604232506349465	1.0355376835771881	0.6517015546323162	0.23387638807353459	-0.6633790954810959	-0.18155986059243229	-0.81275448017354279
0.0072121811130960818	-0.59356396935884492	0.47082537337227859	-0.13244524432822422	0.06987538521063108	-0.32195768208464282	-0.75217291290789645
0.009823589931000453	0.86068028484655645	0.49162857732048087	0.54101187015968943	0.53105982800336249	-0.36237400851805235	0.54610561550106029
0.0026167933589884293	-0.42200201583425667	0.3725719588263316	-0.29841923141671672	0.1527400810425974	0.083929493546789885	0.35058072356267678
0.0046196537031151898	0.39509749494014246	-0.98576860606930916	0.91786126547547164	0.61062565041652672	0.25032562372073003	-0.28585641523738065
0.007563642627068456	0.054528939621558053	-0.48654747540166787	-0.41193269514331277	-0.7470737857261891	0.18387197718498602	0.077944861993257952
0.0043245543675070964	-0.54229487128655329	1.4432821855977442	-1.2762480480846681	0.13209771524570746	-0.22521416380589315	0.032203244426720713
0.0022319582531697456	-0.7306988911761483	-0.25194521741809461	2.5875516546367518	-0.020317120673122066	0.15363040146627627	0.07256485160567351
0.0075034956708037674	0.8657071403165072	0.40986772002586802	-0.9403528632791619	0.051514198848869624	0.05211443158019969	-0.35412758667729394
0.0089121073557568969	0.57791141761417098	-0.43146794530800503	-0.73721719781703088	0.47738746217122341	-0.38707801330701847	0.3836754630998655
0.0032066453745326229	0.036119611544197738	-0.050790902794156288	0.2538011686119418	0.73839878511861501	0.55554403308332578	-0.038284343704301567
0.0035153255145434739	0.54249687208897324	-0.097612167088369131	-0.7083395770165144	0.37188209204672007	-0.70500291586137598	0.079748621650888502
0.0049173840092154889	0.98979459591729835	-0.62748038900674863	0.3656001953955802	0.48370969957967785	0.57221161360817241	0.10232175346347398
0.02404351581872409	0.164100547703906	0.019984712071627657	0.1590370382382689	0.59587562256992566	0.17010723619687201	0.90307052722933023
0.0028875499139023298	0.44306666681615564	0.87278100759703226	2.1171594232670534	0.44691734182268727	-0.42473967476314278	-0.12703420240909466
0.0041800758223963282	-0.72987033206758767	0.36144576881478663	-1.0133208208260118	0.74718483930754675	0.15299238661824976	-0.17181247718092893
0.0021652508242989846	0.40313739066704174	-0.024438503018597013	0.325294871476005	-0.23515708890087492	0.10098314756168057	0.099785972783313762
0.017091818102084134	0.4028850470544954	0.070121677905554541	0.4627163955003481	-0.34952389706611964	-0.62529121416375211	-0.24203731467290046
0.0026711186324591255	0.64986535329478057	-0.79001518936806903	-1.2727192580996882	-0.21969195953675666	-0.088930759677291665	0.11806820174587655
0.0026438781191688025	0.71921331954697221	0.79210080689060625	-0.15673362603268753	0.54388820710261565	-0.88826715675300305	0.07243257862791419
0.0073740116512872912	-1.5228661448070526	-0.64579542862299222	0.35162057800821311	0.34019931466965159	-0.33985621637815805	0.24096928838162665
0.0065594865173695688	-0.14160626825219111	0.65838169437608651	-0.2568526742466803	0.25392416813597357	-0.72299296485663689	0.14935274558143738
0.0026608161332007693	0.72358180870487454	0.39798549742771783	-0.9499071978500797	-0.19629817388516233	-0.84427214105188531	-0.6747035780861631
0.0054145718030705701	0.77163864291425266	-0.311344866114459	0.05534404824047745	0.74016766173414383	0.128631130342551	-0.27008135860584281
0.0029803511189743534	0.19776772599124121	0.19350395995111053	-0.11344897525646822	-0.30427803910871354	-0.49850456398524218	-0.54016330589017569
0.0021673149994990313	-1.6747871327807937	-0.17286390362446444	1.4643560602066601	-0.29324058467666569	-0.2598192070251728	-0.046799330730638737
0.0066975603078545665	0.33536544868353924	-0.66413198574767596	0.015007390439809452	0.52085647838979576	0.033173805929305696	0.46879151472962438
0.022905140890166688	0.015713316513222782	0.036894477160641093	0.029631775661673364	-1.2053180778050354	0.39678119885047464	0.32618950306862909
0.00969892460099025	3.9389042882965106	3.8768574333242958	5.0793382013655313	-0.074357942731876792	0.15637172779558309	-0.055342214705999454
0.018087970933291467	0.14841434440385451	0.65388857229761643	0.10781249907076594	-0.4776281472255392	0.31122937734898842	0.29498799072950643
0.022570894215309195	0.49965820481183515	-0.5432296864924208	0.3527798240722978	0.18818385189444547	0.269099252845947	0.251002019361023
0.0020200101452891605	3.8867171374666123	-12.947965841644603	3.3692876973728021	-0.10320222919520253	0.097641456897954157	-0.059280684437573533
0.013650592391595525	-0.17982125194012125	-0.29215584029781772	0.18241669334716029	0.6202817924755426	0.12887465332221243	-0.41729155762578962
0.014449090223159419	-0.25358495601042735	-0.2777035529010235	-0.96601139890163923	0.064469455672472267	-0.54748304627583977	-0.24601589986450226
0.012989416190579277	1.0098307603867183	0.80527648114018435	-1.3190608462283344	0.37696574296545637	0.34323842774773056	-0.13876706962872312
0.013222269509855037	0.053164564467836462	-0.9405794763423118	-0.17488715120821158	0.50542623050531066	-0.12457370030217574	-0.6234445934234174
0.0026208534930919182	-0.07013967112601821	0.072266823656597243	0.16595123260349481	0.52910533688173711	-0.28517641095631663	-0.24453684917761287
0.0053167163574672494	0.43609486138012204	0.3788909754850916	-0.13531300989024966	0.15315776887793284	-1.2354472704522252	-0.68259178475635929
0.0036485349939525034	-0.14338863322483486	-1.8187415773745517	-0.78131196255352497	0.052136927006206778	-0.045561019043022545	-0.081810547595001074
0.0045685964727428842	0.14387726938144857	-0.27409057095330103	0.64475173458496748	0.28674011403628458	-0.0079998955707864319	-0.2210276563822475
0.0031035930801415913	1.592875648830975	-4.6291786543847619	0.64242007713943283	0.4191826219411236	0.14271181474364658	-0.089144721751733061
0.021099616030239674	-1.3302486450284867	-2.071392962775279	-1.6556353685397989	0.14364049481773319	0.18672460404126029	0.14333746176095288
0.0080076121977188976	-0.066798364953726874	0.29743204483472285	0.16278730550757722	-0.33271336061269768	-0.039972181873359436	-0.61402306655352545
0.0036934594680953716	-0.009771933809807249	0.74332928990223923	-0.41667517786298036	-0.27626486564134312	-0.25174650778934449	-0.29244572392157692
0.0026697647637110322	1.5469015948957245	-3.004285672978681	-1.986280783180413	-0.087061776731923085	-0.49035378209554525	0.13325378475341287
0.0021007733075163824	0.5192177306201976	-0.053659577795900568	0.36364476204344615	0.54211220414679118	0.063516259295767291	-0.37340445442593217
0.0030889352824722393	-0.95893587303909633	0.99607465775033954	0.5927367678247584	0.068424244108963833	0.24467209327759681	-0.22331325926417603
0.030923813086980157	0.4866001226526212	-0.091952642032303744	0.35760778267779303	-0.8335182670558946	-0.034974894570631007	0.7637958911298216
0.0050692645468450757	-0.25286167960331596	0.40052116683501665	-1.1886243775468113	0.27873534555372109	-0.28771596750176326	0.14899152451772213
0.0038170109502652628	0.52807155110631421	-0.37714318704385974	-0.15441115130878644	0.28983425163805193	-0.42406170676556809	-0.69983955247009077
0.0069538956603499707	0.68103146351272981	-0.62770751895310928	-0.20387596456851395	0.014151196037236175	-0.86928114773664811	-0.050032137235073312
0.030460991584138897	0.8702161302771978	-0.02951731471049197	0.15634205273875359	0.20025871675710377	-0.79948752898654352	0.48653537938872193
0.0070285552431462598	-0.03354816123619966	-0.37488291422547088	-0.51285541951270308	0.45515095922793647	0.085902077240103389	-0.3746939746165277
0.0067142503423175091	-2.8243034076600022	3.2464321508918839	1.4578220773787089	0.047372215153734805	0.17419899703187691	-0.099280600281970818
0.0020073838785602308	0.39949963227777946	1.6190182569239448	-3.1260568431646933	0.098365042982995171	-0.23733661098092348	-0.34221079254039621
0.0043115778422715915	-0.3095702845056873	0.86864805428927627	0.46813934419962627	0.68427747654488358	0.091976402726237944	0.009537718310311074
0.0053238174094042152	-0.16203292684341206	0.35363226301245881	0.77494479353273837	-0.65341166888548352	-0.25230393387365879	-0.2081944254371588
0.0067906796030194208	-0.20837722621108368	-1.1386430879194815	-0.63230670397511091	-0.31699598861187073	-0.21571845000948492	-0.050763506345016196